12 12
12 239
239 12
12 12
13 12
13 239
239 13
12 13
14 12
14 239
239 14
12 14
15 12
15 239
239 15
12 15
16 12
16 239
239 16
12 16
17 12
17 239
239 17
12 17
18 12
18 239
239 18
12 18
19 12
19 239
239 19
12 19
20 12
20 239
239 20
12 20
21 12
21 239
239 21
12 21
22 12
22 239
239 22
12 22
23 12
23 239
239 23
12 23
24 12
24 239
239 24
12 24
25 12
25 239
239 25
12 25
26 12
26 239
239 26
12 26
27 12
27 239
239 27
12 27
28 12
28 239
239 28
12 28
29 12
29 239
239 29
12 29
30 12
30 239
239 30
12 30
31 12
31 239
239 31
12 31
32 12
32 239
239 32
12 32
33 12
33 239
239 33
12 33
34 12
34 239
239 34
12 34
35 12
35 239
239 35
12 35
36 12
36 239
239 36
12 36
37 12
37 239
239 37
12 37
38 12
38 239
239 38
12 38
39 12
39 239
239 39
12 39
40 12
40 239
239 40
12 40
41 12
41 239
239 41
12 41
42 12
42 239
239 42
12 42
43 12
43 239
239 43
12 43
44 12
44 239
239 44
12 44
45 12
45 239
239 45
12 45
46 12
46 239
239 46
12 46
47 12
47 239
239 47
12 47
48 12
48 239
239 48
12 48
49 12
49 239
239 49
12 49
50 12
50 239
239 50
12 50
51 12
51 239
239 51
12 51
52 12
52 239
239 52
12 52
53 12
53 239
239 53
12 53
54 12
54 239
239 54
12 54
55 12
55 239
239 55
12 55
56 12
56 239
239 56
12 56
57 12
57 239
239 57
12 57
58 12
58 239
239 58
12 58
59 12
59 239
239 59
12 59
60 12
60 239
239 60
12 60
61 12
61 239
239 61
12 61
62 12
62 239
239 62
12 62
63 12
63 239
239 63
12 63
64 12
64 239
239 64
12 64
65 12
65 239
239 65
12 65
66 12
66 239
239 66
12 66
67 12
67 239
239 67
12 67
68 12
68 239
239 68
12 68
69 12
69 239
239 69
12 69
70 12
70 239
239 70
12 70
71 12
71 239
239 71
12 71
72 12
72 239
239 72
12 72
73 12
73 239
239 73
12 73
74 12
74 239
239 74
12 74
75 12
75 239
239 75
12 75
76 12
76 239
239 76
12 76
77 12
77 239
239 77
12 77
78 12
78 239
239 78
12 78
79 12
79 239
239 79
12 79
80 12
80 239
239 80
12 80
81 12
81 239
239 81
12 81
82 12
82 239
239 82
12 82
83 12
83 239
239 83
12 83
84 12
84 239
239 84
12 84
85 12
85 239
239 85
12 85
86 12
86 239
239 86
12 86
87 12
87 239
239 87
12 87
88 12
88 239
239 88
12 88
89 12
89 239
239 89
12 89
90 12
90 239
239 90
12 90
91 12
91 239
239 91
12 91
92 12
92 239
239 92
12 92
93 12
93 239
239 93
12 93
94 12
94 239
239 94
12 94
95 12
95 239
239 95
12 95
96 12
96 239
239 96
12 96
97 12
97 239
239 97
12 97
98 12
98 239
239 98
12 98
99 12
99 239
239 99
12 99
100 12
100 239
239 100
12 100
101 12
101 239
239 101
12 101
102 12
102 239
239 102
12 102
103 12
103 239
239 103
12 103
104 12
104 239
239 104
12 104
105 12
105 239
239 105
12 105
106 12
106 239
239 106
12 106
107 12
107 239
239 107
12 107
108 12
108 239
239 108
12 108
109 12
109 239
239 109
12 109
110 12
110 239
239 110
12 110
111 12
111 239
239 111
12 111
112 12
112 239
239 112
12 112
113 12
113 239
239 113
12 113
114 12
114 239
239 114
12 114
115 12
115 239
239 115
12 115
116 12
116 239
239 116
12 116
117 12
117 239
239 117
12 117
118 12
118 239
239 118
12 118
119 12
119 239
239 119
12 119
120 12
120 239
239 120
12 120
121 12
121 239
239 121
12 121
122 12
122 239
239 122
12 122
123 12
123 239
239 123
12 123
124 12
124 239
239 124
12 124
125 12
125 239
239 125
12 125
126 12
126 239
239 126
12 126
127 12
127 239
239 127
12 127
128 12
128 239
239 128
12 128
129 12
129 239
239 129
12 129
130 12
130 239
239 130
12 130
131 12
131 239
239 131
12 131
132 12
132 239
239 132
12 132
133 12
133 239
239 133
12 133
134 12
134 239
239 134
12 134
135 12
135 239
239 135
12 135
136 12
136 239
239 136
12 136
137 12
137 239
239 137
12 137
138 12
138 239
239 138
12 138
139 12
139 239
239 139
12 139
140 12
140 239
239 140
12 140
141 12
141 239
239 141
12 141
142 12
142 239
239 142
12 142
143 12
143 239
239 143
12 143
144 12
144 239
239 144
12 144
145 12
145 239
239 145
12 145
146 12
146 239
239 146
12 146
147 12
147 239
239 147
12 147
148 12
148 239
239 148
12 148
149 12
149 239
239 149
12 149
150 12
150 239
239 150
12 150
151 12
151 239
239 151
12 151
152 12
152 239
239 152
12 152
153 12
153 239
239 153
12 153
154 12
154 239
239 154
12 154
155 12
155 239
239 155
12 155
156 12
156 239
239 156
12 156
157 12
157 239
239 157
12 157
158 12
158 239
239 158
12 158
159 12
159 239
239 159
12 159
160 12
160 239
239 160
12 160
161 12
161 239
239 161
12 161
162 12
162 239
239 162
12 162
163 12
163 239
239 163
12 163
164 12
164 239
239 164
12 164
165 12
165 239
239 165
12 165
166 12
166 239
239 166
12 166
167 12
167 239
239 167
12 167
168 12
168 239
239 168
12 168
169 12
169 239
239 169
12 169
170 12
170 239
239 170
12 170
171 12
171 239
239 171
12 171
172 12
172 239
239 172
12 172
173 12
173 239
239 173
12 173
174 12
174 239
239 174
12 174
175 12
175 239
239 175
12 175
176 12
176 239
239 176
12 176
177 12
177 239
239 177
12 177
178 12
178 239
239 178
12 178
179 12
179 239
239 179
12 179
180 12
180 239
239 180
12 180
181 12
181 239
239 181
12 181
182 12
182 239
239 182
12 182
183 12
183 239
239 183
12 183
184 12
184 239
239 184
12 184
185 12
185 239
239 185
12 185
186 12
186 239
239 186
12 186
187 12
187 239
239 187
12 187
188 12
188 239
239 188
12 188
189 12
189 239
239 189
12 189
190 12
190 239
239 190
12 190
191 12
191 239
239 191
12 191
192 12
192 239
239 192
12 192
193 12
193 239
239 193
12 193
194 12
194 239
239 194
12 194
195 12
195 239
239 195
12 195
196 12
196 239
239 196
12 196
197 12
197 239
239 197
12 197
198 12
198 239
239 198
12 198
199 12
199 239
239 199
12 199
200 12
200 239
239 200
12 200
201 12
201 239
239 201
12 201
202 12
202 239
239 202
12 202
203 12
203 239
239 203
12 203
204 12
204 239
239 204
12 204
205 12
205 239
239 205
12 205
206 12
206 239
239 206
12 206
207 12
207 239
239 207
12 207
208 12
208 239
239 208
12 208
209 12
209 239
239 209
12 209
210 12
210 239
239 210
12 210
211 12
211 239
239 211
12 211
212 12
212 239
239 212
12 212
213 12
213 239
239 213
12 213
214 12
214 239
239 214
12 214
215 12
215 239
239 215
12 215
216 12
216 239
239 216
12 216
217 12
217 239
239 217
12 217
218 12
218 239
239 218
12 218
219 12
219 239
239 219
12 219
220 12
220 239
239 220
12 220
221 12
221 239
239 221
12 221
222 12
222 239
239 222
12 222
223 12
223 239
239 223
12 223
224 12
224 239
239 224
12 224
225 12
225 239
239 225
12 225
226 12
226 239
239 226
12 226
227 12
227 239
239 227
12 227
228 12
228 239
239 228
12 228
229 12
229 239
239 229
12 229
230 12
230 239
239 230
12 230
231 12
231 239
239 231
12 231
232 12
232 239
239 232
12 232
233 12
233 239
239 233
12 233
234 12
234 239
239 234
12 234
235 12
235 239
239 235
12 235
236 12
236 239
239 236
12 236
237 12
237 239
239 237
12 237
238 12
238 239
239 238
12 238
239 12
239 239
239 239
12 239
