10 10
10 240
240 10
10 10
11 10
11 240
240 11
10 11
12 10
12 240
240 12
10 12
13 10
13 240
240 13
10 13
14 10
14 240
240 14
10 14
15 10
15 240
240 15
10 15
16 10
16 240
240 16
10 16
17 10
17 240
240 17
10 17
18 10
18 240
240 18
10 18
19 10
19 240
240 19
10 19
20 10
20 240
240 20
10 20
21 10
21 240
240 21
10 21
22 10
22 240
240 22
10 22
23 10
23 240
240 23
10 23
24 10
24 240
240 24
10 24
25 10
25 240
240 25
10 25
26 10
26 240
240 26
10 26
27 10
27 240
240 27
10 27
28 10
28 240
240 28
10 28
29 10
29 240
240 29
10 29
30 10
30 240
240 30
10 30
31 10
31 240
240 31
10 31
32 10
32 240
240 32
10 32
33 10
33 240
240 33
10 33
34 10
34 240
240 34
10 34
35 10
35 240
240 35
10 35
36 10
36 240
240 36
10 36
37 10
37 240
240 37
10 37
38 10
38 240
240 38
10 38
39 10
39 240
240 39
10 39
40 10
40 240
240 40
10 40
41 10
41 240
240 41
10 41
42 10
42 240
240 42
10 42
43 10
43 240
240 43
10 43
44 10
44 240
240 44
10 44
45 10
45 240
240 45
10 45
46 10
46 240
240 46
10 46
47 10
47 240
240 47
10 47
48 10
48 240
240 48
10 48
49 10
49 240
240 49
10 49
50 10
50 240
240 50
10 50
51 10
51 240
240 51
10 51
52 10
52 240
240 52
10 52
53 10
53 240
240 53
10 53
54 10
54 240
240 54
10 54
55 10
55 240
240 55
10 55
56 10
56 240
240 56
10 56
57 10
57 240
240 57
10 57
58 10
58 240
240 58
10 58
59 10
59 240
240 59
10 59
60 10
60 240
240 60
10 60
61 10
61 240
240 61
10 61
62 10
62 240
240 62
10 62
63 10
63 240
240 63
10 63
64 10
64 240
240 64
10 64
65 10
65 240
240 65
10 65
66 10
66 240
240 66
10 66
67 10
67 240
240 67
10 67
68 10
68 240
240 68
10 68
69 10
69 240
240 69
10 69
70 10
70 240
240 70
10 70
71 10
71 240
240 71
10 71
72 10
72 240
240 72
10 72
73 10
73 240
240 73
10 73
74 10
74 240
240 74
10 74
75 10
75 240
240 75
10 75
76 10
76 240
240 76
10 76
77 10
77 240
240 77
10 77
78 10
78 240
240 78
10 78
79 10
79 240
240 79
10 79
80 10
80 240
240 80
10 80
81 10
81 240
240 81
10 81
82 10
82 240
240 82
10 82
83 10
83 240
240 83
10 83
84 10
84 240
240 84
10 84
85 10
85 240
240 85
10 85
86 10
86 240
240 86
10 86
87 10
87 240
240 87
10 87
88 10
88 240
240 88
10 88
89 10
89 240
240 89
10 89
90 10
90 240
240 90
10 90
91 10
91 240
240 91
10 91
92 10
92 240
240 92
10 92
93 10
93 240
240 93
10 93
94 10
94 240
240 94
10 94
95 10
95 240
240 95
10 95
96 10
96 240
240 96
10 96
97 10
97 240
240 97
10 97
98 10
98 240
240 98
10 98
99 10
99 240
240 99
10 99
100 10
100 240
240 100
10 100
101 10
101 240
240 101
10 101
102 10
102 240
240 102
10 102
103 10
103 240
240 103
10 103
104 10
104 240
240 104
10 104
105 10
105 240
240 105
10 105
106 10
106 240
240 106
10 106
107 10
107 240
240 107
10 107
108 10
108 240
240 108
10 108
109 10
109 240
240 109
10 109
110 10
110 240
240 110
10 110
111 10
111 240
240 111
10 111
112 10
112 240
240 112
10 112
113 10
113 240
240 113
10 113
114 10
114 240
240 114
10 114
115 10
115 240
240 115
10 115
116 10
116 240
240 116
10 116
117 10
117 240
240 117
10 117
118 10
118 240
240 118
10 118
119 10
119 240
240 119
10 119
120 10
120 240
240 120
10 120
121 10
121 240
240 121
10 121
122 10
122 240
240 122
10 122
123 10
123 240
240 123
10 123
124 10
124 240
240 124
10 124
125 10
125 240
240 125
10 125
126 10
126 240
240 126
10 126
127 10
127 240
240 127
10 127
128 10
128 240
240 128
10 128
129 10
129 240
240 129
10 129
130 10
130 240
240 130
10 130
131 10
131 240
240 131
10 131
132 10
132 240
240 132
10 132
133 10
133 240
240 133
10 133
134 10
134 240
240 134
10 134
135 10
135 240
240 135
10 135
136 10
136 240
240 136
10 136
137 10
137 240
240 137
10 137
138 10
138 240
240 138
10 138
139 10
139 240
240 139
10 139
140 10
140 240
240 140
10 140
141 10
141 240
240 141
10 141
142 10
142 240
240 142
10 142
143 10
143 240
240 143
10 143
144 10
144 240
240 144
10 144
145 10
145 240
240 145
10 145
146 10
146 240
240 146
10 146
147 10
147 240
240 147
10 147
148 10
148 240
240 148
10 148
149 10
149 240
240 149
10 149
150 10
150 240
240 150
10 150
151 10
151 240
240 151
10 151
152 10
152 240
240 152
10 152
153 10
153 240
240 153
10 153
154 10
154 240
240 154
10 154
155 10
155 240
240 155
10 155
156 10
156 240
240 156
10 156
157 10
157 240
240 157
10 157
158 10
158 240
240 158
10 158
159 10
159 240
240 159
10 159
160 10
160 240
240 160
10 160
161 10
161 240
240 161
10 161
162 10
162 240
240 162
10 162
163 10
163 240
240 163
10 163
164 10
164 240
240 164
10 164
165 10
165 240
240 165
10 165
166 10
166 240
240 166
10 166
167 10
167 240
240 167
10 167
168 10
168 240
240 168
10 168
169 10
169 240
240 169
10 169
170 10
170 240
240 170
10 170
171 10
171 240
240 171
10 171
172 10
172 240
240 172
10 172
173 10
173 240
240 173
10 173
174 10
174 240
240 174
10 174
175 10
175 240
240 175
10 175
176 10
176 240
240 176
10 176
177 10
177 240
240 177
10 177
178 10
178 240
240 178
10 178
179 10
179 240
240 179
10 179
180 10
180 240
240 180
10 180
181 10
181 240
240 181
10 181
182 10
182 240
240 182
10 182
183 10
183 240
240 183
10 183
184 10
184 240
240 184
10 184
185 10
185 240
240 185
10 185
186 10
186 240
240 186
10 186
187 10
187 240
240 187
10 187
188 10
188 240
240 188
10 188
189 10
189 240
240 189
10 189
190 10
190 240
240 190
10 190
191 10
191 240
240 191
10 191
192 10
192 240
240 192
10 192
193 10
193 240
240 193
10 193
194 10
194 240
240 194
10 194
195 10
195 240
240 195
10 195
196 10
196 240
240 196
10 196
197 10
197 240
240 197
10 197
198 10
198 240
240 198
10 198
199 10
199 240
240 199
10 199
200 10
200 240
240 200
10 200
201 10
201 240
240 201
10 201
202 10
202 240
240 202
10 202
203 10
203 240
240 203
10 203
204 10
204 240
240 204
10 204
205 10
205 240
240 205
10 205
206 10
206 240
240 206
10 206
207 10
207 240
240 207
10 207
208 10
208 240
240 208
10 208
209 10
209 240
240 209
10 209
210 10
210 240
240 210
10 210
211 10
211 240
240 211
10 211
212 10
212 240
240 212
10 212
213 10
213 240
240 213
10 213
214 10
214 240
240 214
10 214
215 10
215 240
240 215
10 215
216 10
216 240
240 216
10 216
217 10
217 240
240 217
10 217
218 10
218 240
240 218
10 218
219 10
219 240
240 219
10 219
220 10
220 240
240 220
10 220
221 10
221 240
240 221
10 221
222 10
222 240
240 222
10 222
223 10
223 240
240 223
10 223
224 10
224 240
240 224
10 224
225 10
225 240
240 225
10 225
226 10
226 240
240 226
10 226
227 10
227 240
240 227
10 227
228 10
228 240
240 228
10 228
229 10
229 240
240 229
10 229
230 10
230 240
240 230
10 230
231 10
231 240
240 231
10 231
232 10
232 240
240 232
10 232
233 10
233 240
240 233
10 233
234 10
234 240
240 234
10 234
235 10
235 240
240 235
10 235
236 10
236 240
240 236
10 236
237 10
237 240
240 237
10 237
238 10
238 240
240 238
10 238
239 10
239 240
240 239
10 239
240 10
240 240
240 240
10 240
